0, 16, 0.13036511838436127, -0.9913913011550903, 0.0027458714321255684, 0.011865709908306599
0, 16, 0.13036511838436127, -0.9913913011550903, 0.0027458714321255684, 0.011865709908306599
0, 16, 0.13036511838436127, -0.9913913011550903, 0.0027458714321255684, 0.011865709908306599
0, 16, 0.13036511838436127, -0.9913913011550903, 0.0027458714321255684, 0.011865709908306599
0, 16, 0.13090607523918152, -0.9913226962089539, 0.002813873579725623, 0.011611392721533775
0, 16, 0.13090607523918152, -0.9913226962089539, 0.002813873579725623, 0.011611392721533775
0, 16, 0.13090607523918152, -0.9913226962089539, 0.002813873579725623, 0.011611392721533775
0, 16, 0.13090607523918152, -0.9913226962089539, 0.002813873579725623, 0.011611392721533775
0, 16, 0.13090607523918152, -0.9913226962089539, 0.002813873579725623, 0.011611392721533775
0, 16, 0.13159061968326569, -0.9912349581718445, 0.00286178314127028, 0.011350340209901333
0, 16, 0.13159061968326569, -0.9912349581718445, 0.00286178314127028, 0.011350340209901333
0, 16, 0.13159061968326569, -0.9912349581718445, 0.00286178314127028, 0.011350340209901333
0, 16, 0.13159061968326569, -0.9912349581718445, 0.00286178314127028, 0.011350340209901333
0, 16, 0.13159061968326569, -0.9912349581718445, 0.00286178314127028, 0.011350340209901333
0, 16, 0.13221335411071777, -0.9911544919013977, 0.0029138175304979086, 0.011131959967315197
0, 16, 0.13221335411071777, -0.9911544919013977, 0.0029138175304979086, 0.011131959967315197
0, 16, 0.13221335411071777, -0.9911544919013977, 0.0029138175304979086, 0.011131959967315197
0, 16, 0.13221335411071777, -0.9911544919013977, 0.0029138175304979086, 0.011131959967315197
0, 16, 0.13221335411071777, -0.9911544919013977, 0.0029138175304979086, 0.011131959967315197
0, 16, 0.13263165950775146, -0.9911009073257446, 0.0029664093162864447, 0.010914144106209278
0, 16, 0.13263165950775146, -0.9911009073257446, 0.0029664093162864447, 0.010914144106209278
0, 16, 0.13263165950775146, -0.9911009073257446, 0.0029664093162864447, 0.010914144106209278
0, 16, 0.13263165950775146, -0.9911009073257446, 0.0029664093162864447, 0.010914144106209278
0, 16, 0.13263165950775146, -0.9911009073257446, 0.0029664093162864447, 0.010914144106209278
0, 16, 0.1329418569803238, -0.9910616874694824, 0.0029901813250035048, 0.010686272755265236
0, 16, 0.1329418569803238, -0.9910616874694824, 0.0029901813250035048, 0.010686272755265236
0, 16, 0.1329418569803238, -0.9910616874694824, 0.0029901813250035048, 0.010686272755265236
0, 16, 0.1329418569803238, -0.9910616874694824, 0.0029901813250035048, 0.010686272755265236
0, 16, 0.1329418569803238, -0.9910616874694824, 0.0029901813250035048, 0.010686272755265236
0, 16, 0.13301466405391693, -0.9910531640052795, 0.0030132518149912357, 0.010571125894784927
0, 16, 0.13301466405391693, -0.9910531640052795, 0.0030132518149912357, 0.010571125894784927
0, 16, 0.13301466405391693, -0.9910531640052795, 0.0030132518149912357, 0.010571125894784927
0, 16, 0.13301466405391693, -0.9910531640052795, 0.0030132518149912357, 0.010571125894784927
0, 16, 0.13301466405391693, -0.9910531640052795, 0.0030132518149912357, 0.010571125894784927
0, 16, 0.13313628733158112, -0.9910380244255066, 0.0030419970862567425, 0.010447878390550613
0, 16, 0.13313628733158112, -0.9910380244255066, 0.0030419970862567425, 0.010447878390550613
0, 16, 0.13313628733158112, -0.9910380244255066, 0.0030419970862567425, 0.010447878390550613
0, 16, 0.13313628733158112, -0.9910380244255066, 0.0030419970862567425, 0.010447878390550613
0, 16, 0.13313628733158112, -0.9910380244255066, 0.0030419970862567425, 0.010447878390550613
0, 16, 0.13349877297878265, -0.9909910559654236, 0.0030948580242693424, 0.010249757207930088
0, 16, 0.13349877297878265, -0.9909910559654236, 0.0030948580242693424, 0.010249757207930088
0, 16, 0.13349877297878265, -0.9909910559654236, 0.0030948580242693424, 0.010249757207930088
0, 16, 0.13349877297878265, -0.9909910559654236, 0.0030948580242693424, 0.010249757207930088
0, 16, 0.1339046210050583, -0.9909385442733765, 0.003147826762869954, 0.010023933835327625
0, 16, 0.1339046210050583, -0.9909385442733765, 0.003147826762869954, 0.010023933835327625
0, 16, 0.1339046210050583, -0.9909385442733765, 0.003147826762869954, 0.010023933835327625
0, 16, 0.1339046210050583, -0.9909385442733765, 0.003147826762869954, 0.010023933835327625
0, 16, 0.1339046210050583, -0.9909385442733765, 0.003147826762869954, 0.010023933835327625
0, 16, 0.13429652154445648, -0.9908876419067383, 0.003187342546880245, 0.00979717168956995
0, 16, 0.13429652154445648, -0.9908876419067383, 0.003187342546880245, 0.00979717168956995
0, 16, 0.13429652154445648, -0.9908876419067383, 0.003187342546880245, 0.00979717168956995
0, 16, 0.13429652154445648, -0.9908876419067383, 0.003187342546880245, 0.00979717168956995
0, 16, 0.13429652154445648, -0.9908876419067383, 0.003187342546880245, 0.00979717168956995
0, 16, 0.13465505838394165, -0.9908409118652344, 0.003222223138436675, 0.009596159681677818
0, 16, 0.13465505838394165, -0.9908409118652344, 0.003222223138436675, 0.009596159681677818
0, 16, 0.13465505838394165, -0.9908409118652344, 0.003222223138436675, 0.009596159681677818
0, 16, 0.13465505838394165, -0.9908409118652344, 0.003222223138436675, 0.009596159681677818
0, 16, 0.13465505838394165, -0.9908409118652344, 0.003222223138436675, 0.009596159681677818
0, 16, 0.13495910167694092, -0.9908014535903931, 0.003242621896788478, 0.009375814348459244
0, 16, 0.13495910167694092, -0.9908014535903931, 0.003242621896788478, 0.009375814348459244
0, 16, 0.13495910167694092, -0.9908014535903931, 0.003242621896788478, 0.009375814348459244
0, 16, 0.13495910167694092, -0.9908014535903931, 0.003242621896788478, 0.009375814348459244
0, 16, 0.13495910167694092, -0.9908014535903931, 0.003242621896788478, 0.009375814348459244
0, 16, 0.13522137701511383, -0.9907675981521606, 0.0032976020593196154, 0.009152211248874664
0, 16, 0.13522137701511383, -0.9907675981521606, 0.0032976020593196154, 0.009152211248874664
0, 16, 0.13522137701511383, -0.9907675981521606, 0.0032976020593196154, 0.009152211248874664
0, 16, 0.13522137701511383, -0.9907675981521606, 0.0032976020593196154, 0.009152211248874664
0, 16, 0.13522137701511383, -0.9907675981521606, 0.0032976020593196154, 0.009152211248874664
0, 16, 0.1354110836982727, -0.9907434582710266, 0.003346797311678529, 0.008943301625549793
0, 16, 0.1354110836982727, -0.9907434582710266, 0.003346797311678529, 0.008943301625549793
0, 16, 0.1354110836982727, -0.9907434582710266, 0.003346797311678529, 0.008943301625549793
0, 16, 0.1354110836982727, -0.9907434582710266, 0.003346797311678529, 0.008943301625549793
0, 16, 0.13557803630828857, -0.9907222986221313, 0.0033916521351784468, 0.008729817345738411
0, 16, 0.13557803630828857, -0.9907222986221313, 0.0033916521351784468, 0.008729817345738411
0, 16, 0.13557803630828857, -0.9907222986221313, 0.0033916521351784468, 0.008729817345738411
0, 16, 0.13557803630828857, -0.9907222986221313, 0.0033916521351784468, 0.008729817345738411
0, 16, 0.13557803630828857, -0.9907222986221313, 0.0033916521351784468, 0.008729817345738411
0, 16, 0.13575391471385956, -0.9906997084617615, 0.00345112313516438, 0.008543239906430244
0, 16, 0.13575391471385956, -0.9906997084617615, 0.00345112313516438, 0.008543239906430244
0, 16, 0.13575391471385956, -0.9906997084617615, 0.00345112313516438, 0.008543239906430244
0, 16, 0.13575391471385956, -0.9906997084617615, 0.00345112313516438, 0.008543239906430244
0, 16, 0.13575391471385956, -0.9906997084617615, 0.00345112313516438, 0.008543239906430244
0, 16, 0.13588525354862213, -0.9906828999519348, 0.003484586486592889, 0.008391615003347397
0, 16, 0.13588525354862213, -0.9906828999519348, 0.003484586486592889, 0.008391615003347397
0, 16, 0.13588525354862213, -0.9906828999519348, 0.003484586486592889, 0.008391615003347397
0, 16, 0.13588525354862213, -0.9906828999519348, 0.003484586486592889, 0.008391615003347397
0, 16, 0.13588525354862213, -0.9906828999519348, 0.003484586486592889, 0.008391615003347397
0, 16, 0.1361101269721985, -0.9906535148620605, 0.003531264141201973, 0.008201850578188896
0, 16, 0.1361101269721985, -0.9906535148620605, 0.003531264141201973, 0.008201850578188896
0, 16, 0.1361101269721985, -0.9906535148620605, 0.003531264141201973, 0.008201850578188896
0, 16, 0.1361101269721985, -0.9906535148620605, 0.003531264141201973, 0.008201850578188896
0, 16, 0.1361101269721985, -0.9906535148620605, 0.003531264141201973, 0.008201850578188896
0, 16, 0.1363523006439209, -0.9906215071678162, 0.003563774051144719, 0.008021777495741844
0, 16, 0.1363523006439209, -0.9906215071678162, 0.003563774051144719, 0.008021777495741844
0, 16, 0.1363523006439209, -0.9906215071678162, 0.003563774051144719, 0.008021777495741844
0, 16, 0.1363523006439209, -0.9906215071678162, 0.003563774051144719, 0.008021777495741844
0, 16, 0.1363523006439209, -0.9906215071678162, 0.003563774051144719, 0.008021777495741844
0, 16, 0.1365358978509903, -0.9905974268913269, 0.0036038709804415703, 0.00784529559314251
0, 16, 0.1365358978509903, -0.9905974268913269, 0.0036038709804415703, 0.00784529559314251
0, 16, 0.1365358978509903, -0.9905974268913269, 0.0036038709804415703, 0.00784529559314251
0, 16, 0.1365358978509903, -0.9905974268913269, 0.0036038709804415703, 0.00784529559314251
0, 16, 0.13669413328170776, -0.9905768632888794, 0.0036456601228564978, 0.007674010470509529
0, 16, 0.13669413328170776, -0.9905768632888794, 0.0036456601228564978, 0.007674010470509529
0, 16, 0.13669413328170776, -0.9905768632888794, 0.0036456601228564978, 0.007674010470509529
0, 16, 0.13669413328170776, -0.9905768632888794, 0.0036456601228564978, 0.007674010470509529
0, 16, 0.13669413328170776, -0.9905768632888794, 0.0036456601228564978, 0.007674010470509529
0, 16, 0.13669413328170776, -0.9905768632888794, 0.0036456601228564978, 0.007674010470509529
0, 16, 0.1368316262960434, -0.9905591011047363, 0.0036666803061962128, 0.0075033013708889484
0, 16, 0.1368316262960434, -0.9905591011047363, 0.0036666803061962128, 0.0075033013708889484
0, 16, 0.1368316262960434, -0.9905591011047363, 0.0036666803061962128, 0.0075033013708889484
0, 16, 0.1368316262960434, -0.9905591011047363, 0.0036666803061962128, 0.0075033013708889484
0, 16, 0.136984720826149, -0.9905390739440918, 0.0036903140135109425, 0.007345899008214474
0, 16, 0.136984720826149, -0.9905390739440918, 0.0036903140135109425, 0.007345899008214474
0, 16, 0.136984720826149, -0.9905390739440918, 0.0036903140135109425, 0.007345899008214474
0, 16, 0.136984720826149, -0.9905390739440918, 0.0036903140135109425, 0.007345899008214474
0, 16, 0.136984720826149, -0.9905390739440918, 0.0036903140135109425, 0.007345899008214474
0, 16, 0.13715261220932007, -0.9905170798301697, 0.0037348850164562464, 0.007157780230045319
0, 16, 0.13715261220932007, -0.9905170798301697, 0.0037348850164562464, 0.007157780230045319
0, 16, 0.13715261220932007, -0.9905170798301697, 0.0037348850164562464, 0.007157780230045319
0, 16, 0.13715261220932007, -0.9905170798301697, 0.0037348850164562464, 0.007157780230045319
0, 16, 0.13715261220932007, -0.9905170798301697, 0.0037348850164562464, 0.007157780230045319
0, 16, 0.13734202086925507, -0.9904917478561401, 0.0037791680078953505, 0.006993698887526989
0, 16, 0.13734202086925507, -0.9904917478561401, 0.0037791680078953505, 0.006993698887526989
0, 16, 0.13734202086925507, -0.9904917478561401, 0.0037791680078953505, 0.006993698887526989
0, 16, 0.13734202086925507, -0.9904917478561401, 0.0037791680078953505, 0.006993698887526989
0, 16, 0.13734202086925507, -0.9904917478561401, 0.0037791680078953505, 0.006993698887526989
0, 16, 0.1375294327735901, -0.9904667735099792, 0.003823110368102789, 0.006817292887717485
0, 16, 0.1375294327735901, -0.9904667735099792, 0.003823110368102789, 0.006817292887717485
0, 16, 0.1375294327735901, -0.9904667735099792, 0.003823110368102789, 0.006817292887717485
0, 16, 0.1375294327735901, -0.9904667735099792, 0.003823110368102789, 0.006817292887717485
0, 16, 0.13770470023155212, -0.9904434680938721, 0.003854507813230157, 0.00665068905800581
0, 16, 0.13770470023155212, -0.9904434680938721, 0.003854507813230157, 0.00665068905800581
0, 16, 0.13770470023155212, -0.9904434680938721, 0.003854507813230157, 0.00665068905800581
0, 16, 0.13770470023155212, -0.9904434680938721, 0.003854507813230157, 0.00665068905800581
0, 16, 0.13770470023155212, -0.9904434680938721, 0.003854507813230157, 0.00665068905800581
0, 16, 0.13781382143497467, -0.990429162979126, 0.0038949523586779833, 0.006496606394648552
0, 16, 0.13781382143497467, -0.990429162979126, 0.0038949523586779833, 0.006496606394648552
0, 16, 0.13781382143497467, -0.990429162979126, 0.0038949523586779833, 0.006496606394648552
0, 16, 0.13781382143497467, -0.990429162979126, 0.0038949523586779833, 0.006496606394648552
0, 16, 0.13781382143497467, -0.990429162979126, 0.0038949523586779833, 0.006496606394648552
0, 16, 0.13791973888874054, -0.9904153943061829, 0.0039011607877910137, 0.006348656956106424
0, 16, 0.13791973888874054, -0.9904153943061829, 0.0039011607877910137, 0.006348656956106424
0, 16, 0.13791973888874054, -0.9904153943061829, 0.0039011607877910137, 0.006348656956106424
0, 16, 0.13791973888874054, -0.9904153943061829, 0.0039011607877910137, 0.006348656956106424
0, 16, 0.13791973888874054, -0.9904153943061829, 0.0039011607877910137, 0.006348656956106424
0, 16, 0.13803702592849731, -0.9903998970985413, 0.003930730279535055, 0.006196102127432823
0, 16, 0.13803702592849731, -0.9903998970985413, 0.003930730279535055, 0.006196102127432823
0, 16, 0.13803702592849731, -0.9903998970985413, 0.003930730279535055, 0.006196102127432823
0, 16, 0.13803702592849731, -0.9903998970985413, 0.003930730279535055, 0.006196102127432823
0, 16, 0.13803702592849731, -0.9903998970985413, 0.003930730279535055, 0.006196102127432823
0, 16, 0.13814803957939148, -0.9903851747512817, 0.003982581663876772, 0.006043802481144667
0, 16, 0.13814803957939148, -0.9903851747512817, 0.003982581663876772, 0.006043802481144667
0, 16, 0.13814803957939148, -0.9903851747512817, 0.003982581663876772, 0.006043802481144667
0, 16, 0.13814803957939148, -0.9903851747512817, 0.003982581663876772, 0.006043802481144667
0, 16, 0.13814803957939148, -0.9903851747512817, 0.003982581663876772, 0.006043802481144667
0, 16, 0.1382349282503128, -0.9903737902641296, 0.00400514667853713, 0.005891556851565838
0, 16, 0.1382349282503128, -0.9903737902641296, 0.00400514667853713, 0.005891556851565838
0, 16, 0.1382349282503128, -0.9903737902641296, 0.00400514667853713, 0.005891556851565838
0, 16, 0.1382349282503128, -0.9903737902641296, 0.00400514667853713, 0.005891556851565838
0, 16, 0.1382349282503128, -0.9903737902641296, 0.00400514667853713, 0.005891556851565838
0, 16, 0.13831475377082825, -0.990363359451294, 0.004008889198303223, 0.00576621200889349
0, 16, 0.13831475377082825, -0.990363359451294, 0.004008889198303223, 0.00576621200889349
0, 16, 0.13831475377082825, -0.990363359451294, 0.004008889198303223, 0.00576621200889349
0, 16, 0.13831475377082825, -0.990363359451294, 0.004008889198303223, 0.00576621200889349
0, 16, 0.13831475377082825, -0.990363359451294, 0.004008889198303223, 0.00576621200889349
0, 16, 0.13840673863887787, -0.9903513193130493, 0.004030501935631037, 0.005620725452899933
0, 16, 0.13840673863887787, -0.9903513193130493, 0.004030501935631037, 0.005620725452899933
0, 16, 0.13840673863887787, -0.9903513193130493, 0.004030501935631037, 0.005620725452899933
0, 16, 0.13840673863887787, -0.9903513193130493, 0.004030501935631037, 0.005620725452899933
0, 16, 0.13840673863887787, -0.9903513193130493, 0.004030501935631037, 0.005620725452899933
0, 16, 0.13850794732570648, -0.9903378486633301, 0.004061526618897915, 0.005481946747750044
0, 16, 0.13850794732570648, -0.9903378486633301, 0.004061526618897915, 0.005481946747750044
0, 16, 0.13850794732570648, -0.9903378486633301, 0.004061526618897915, 0.005481946747750044
0, 16, 0.13850794732570648, -0.9903378486633301, 0.004061526618897915, 0.005481946747750044
0, 16, 0.13850794732570648, -0.9903378486633301, 0.004061526618897915, 0.005481946747750044
0, 16, 0.13859796524047852, -0.9903258681297302, 0.004083830863237381, 0.0053422097116708755
0, 16, 0.13859796524047852, -0.9903258681297302, 0.004083830863237381, 0.0053422097116708755
0, 16, 0.13859796524047852, -0.9903258681297302, 0.004083830863237381, 0.0053422097116708755
0, 16, 0.13859796524047852, -0.9903258681297302, 0.004083830863237381, 0.0053422097116708755
0, 16, 0.13866999745368958, -0.9903163313865662, 0.004100271500647068, 0.005229400936514139
0, 16, 0.13866999745368958, -0.9903163313865662, 0.004100271500647068, 0.005229400936514139
0, 16, 0.13866999745368958, -0.9903163313865662, 0.004100271500647068, 0.005229400936514139
0, 16, 0.13866999745368958, -0.9903163313865662, 0.004100271500647068, 0.005229400936514139
0, 16, 0.13866999745368958, -0.9903163313865662, 0.004100271500647068, 0.005229400936514139
0, 16, 0.13871073722839355, -0.9903114438056946, 0.004110617563128471, 0.005073600448668003
0, 16, 0.13871073722839355, -0.9903114438056946, 0.004110617563128471, 0.005073600448668003
0, 16, 0.13871073722839355, -0.9903114438056946, 0.004110617563128471, 0.005073600448668003
0, 16, 0.13871073722839355, -0.9903114438056946, 0.004110617563128471, 0.005073600448668003
0, 16, 0.13871073722839355, -0.9903114438056946, 0.004110617563128471, 0.005073600448668003
0, 16, 0.13876135647296906, -0.990304708480835, 0.004138830117881298, 0.004967092536389828
0, 16, 0.13876135647296906, -0.990304708480835, 0.004138830117881298, 0.004967092536389828
0, 16, 0.13876135647296906, -0.990304708480835, 0.004138830117881298, 0.004967092536389828
0, 16, 0.13876135647296906, -0.990304708480835, 0.004138830117881298, 0.004967092536389828
0, 16, 0.13876135647296906, -0.990304708480835, 0.004138830117881298, 0.004967092536389828
0, 16, 0.1388329118490219, -0.9902952313423157, 0.004168399143964052, 0.0048420485109090805
0, 16, 0.1388329118490219, -0.9902952313423157, 0.004168399143964052, 0.0048420485109090805
0, 16, 0.1388329118490219, -0.9902952313423157, 0.004168399143964052, 0.0048420485109090805
0, 16, 0.1388329118490219, -0.9902952313423157, 0.004168399143964052, 0.0048420485109090805
0, 16, 0.1388329118490219, -0.9902952313423157, 0.004168399143964052, 0.0048420485109090805
0, 16, 0.13893602788448334, -0.9902812242507935, 0.004207135643810034, 0.00472051789984107
0, 16, 0.13893602788448334, -0.9902812242507935, 0.004207135643810034, 0.00472051789984107
0, 16, 0.13893602788448334, -0.9902812242507935, 0.004207135643810034, 0.00472051789984107
0, 16, 0.13893602788448334, -0.9902812242507935, 0.004207135643810034, 0.00472051789984107
0, 16, 0.13901056349277496, -0.9902712106704712, 0.004233259242027998, 0.004592681769281626
0, 16, 0.13901056349277496, -0.9902712106704712, 0.004233259242027998, 0.004592681769281626
0, 16, 0.13901056349277496, -0.9902712106704712, 0.004233259242027998, 0.004592681769281626
0, 16, 0.13901056349277496, -0.9902712106704712, 0.004233259242027998, 0.004592681769281626
0, 16, 0.13901056349277496, -0.9902712106704712, 0.004233259242027998, 0.004592681769281626
0, 16, 0.13901056349277496, -0.9902712106704712, 0.004233259242027998, 0.004592681769281626
0, 16, 0.13908344507217407, -0.9902613759040833, 0.004254611674696207, 0.004478005226701498
0, 16, 0.13908344507217407, -0.9902613759040833, 0.004254611674696207, 0.004478005226701498
0, 16, 0.13908344507217407, -0.9902613759040833, 0.004254611674696207, 0.004478005226701498
0, 16, 0.13908344507217407, -0.9902613759040833, 0.004254611674696207, 0.004478005226701498
0, 16, 0.1391124129295349, -0.9902576804161072, 0.004278372507542372, 0.004359656013548374
0, 16, 0.1391124129295349, -0.9902576804161072, 0.004278372507542372, 0.004359656013548374
0, 16, 0.1391124129295349, -0.9902576804161072, 0.004278372507542372, 0.004359656013548374
0, 16, 0.1391124129295349, -0.9902576804161072, 0.004278372507542372, 0.004359656013548374
0, 16, 0.1391124129295349, -0.9902576804161072, 0.004278372507542372, 0.004359656013548374
0, 16, 0.1391238123178482, -0.990256667137146, 0.004274675622582436, 0.0042528435587882996
0, 16, 0.1391238123178482, -0.990256667137146, 0.004274675622582436, 0.0042528435587882996
0, 16, 0.1391238123178482, -0.990256667137146, 0.004274675622582436, 0.0042528435587882996
0, 16, 0.1391238123178482, -0.990256667137146, 0.004274675622582436, 0.0042528435587882996
0, 16, 0.1391238123178482, -0.990256667137146, 0.004274675622582436, 0.0042528435587882996
0, 16, 0.13918007910251617, -0.9902490973472595, 0.004318264313042164, 0.00413095997646451
0, 16, 0.13918007910251617, -0.9902490973472595, 0.004318264313042164, 0.00413095997646451
0, 16, 0.13918007910251617, -0.9902490973472595, 0.004318264313042164, 0.00413095997646451
0, 16, 0.13918007910251617, -0.9902490973472595, 0.004318264313042164, 0.00413095997646451
0, 16, 0.13918007910251617, -0.9902490973472595, 0.004318264313042164, 0.00413095997646451
0, 16, 0.13927137851715088, -0.9902365207672119, 0.004328706301748753, 0.00404141703620553
0, 16, 0.13927137851715088, -0.9902365207672119, 0.004328706301748753, 0.00404141703620553
0, 16, 0.13927137851715088, -0.9902365207672119, 0.004328706301748753, 0.00404141703620553
0, 16, 0.13927137851715088, -0.9902365207672119, 0.004328706301748753, 0.00404141703620553
0, 16, 0.13927137851715088, -0.9902365207672119, 0.004328706301748753, 0.00404141703620553
0, 16, 0.13934798538684845, -0.9902262091636658, 0.004350597038865089, 0.003912602551281452
0, 16, 0.13934798538684845, -0.9902262091636658, 0.004350597038865089, 0.003912602551281452
0, 16, 0.13934798538684845, -0.9902262091636658, 0.004350597038865089, 0.003912602551281452
0, 16, 0.13934798538684845, -0.9902262091636658, 0.004350597038865089, 0.003912602551281452
0, 16, 0.13934798538684845, -0.9902262091636658, 0.004350597038865089, 0.003912602551281452
0, 16, 0.13938669860363007, -0.9902210235595703, 0.00437170872464776, 0.00381990778259933
0, 16, 0.13938669860363007, -0.9902210235595703, 0.00437170872464776, 0.00381990778259933
0, 16, 0.13938669860363007, -0.9902210235595703, 0.00437170872464776, 0.00381990778259933
0, 16, 0.13938669860363007, -0.9902210235595703, 0.00437170872464776, 0.00381990778259933
0, 16, 0.1394023448228836, -0.9902189373970032, 0.004414970520883799, 0.003723692614585161
0, 16, 0.1394023448228836, -0.9902189373970032, 0.004414970520883799, 0.003723692614585161
0, 16, 0.1394023448228836, -0.9902189373970032, 0.004414970520883799, 0.003723692614585161
0, 16, 0.1394023448228836, -0.9902189373970032, 0.004414970520883799, 0.003723692614585161
0, 16, 0.1394023448228836, -0.9902189373970032, 0.004414970520883799, 0.003723692614585161
0, 16, 0.13940316438674927, -0.990219235420227, 0.004422016907483339, 0.003626925637945533
0, 16, 0.13940316438674927, -0.990219235420227, 0.004422016907483339, 0.003626925637945533
0, 16, 0.13940316438674927, -0.990219235420227, 0.004422016907483339, 0.003626925637945533
